###########################
#shimapallete by Nishino

color <- c('#00005B','#FFFF00','#AB005D','#FF8DD7','#008203',
           '#242424','#00D087','#E425A6','#E8FFFF','#0000E1',
           '#049CC6','#3E5025','#FAAD3B','#AD5700',
           '#31A800','#4561FE',
           '#F06A00','#18E6FF','#69323D','#00657A','#F546FF',
           '#00FB00','#00BBFF','#A5788D','#FDBBB1','#5A7966','#303E50','#B8A55F',
           '#975B6E','#C2FBAD','#AA8BCC','#818200','#9EC3B7','#85512A','#2A1F44','#0D41F5',
           '#73976F','#FFE1FF','#880000','#CF004B','#2F7047','#08B3A2','#640058','#C5633F',
           '#BED1FD','#008F62','#F15F8D','#BDACB8','#6776B3','#712D85','#BA8F79','#00C000',
           '#B5ADEA','#A6DF9B','#754E97','#004700','#0044A6','#231C02','#89AE9B','#D6E4D2',
           '#FFDC00','#004F5D','#9975FF','#85856B','#696500','#362B36','#FFBDFF','#FC2200','#694849','#FF788C','#5C2C00','#00242B','#A40600','#99754E','#CB00A3','#706A55','#8083BB','#BD9512','#38340A','#C4BA67','#0D071B','#363636','#7E7291','#D7B6D0','#002100','#4E2F27','#E719FF','#1E332F','#876436','#D3C700','#3D200E','#F7E8B2','#003F2E','#62A5B5','#00E300','#2F88FF','#E6D0BE','#340033','#8A9DA9','#9DEBFF','#1B988D','#494763','#DFDFDF','#AB979F','#93D8D3','#50973D','#6E618A','#773A00','#A5826A','#005E4F','#1C3093','#446D74','#919405','#FAE8E0','#C8A800','#4D2D52','#4F6CA7','#9F985A','#3A8AA8','#211C2A','#79766A','#0C9000','#C4844A','#5C4022','#4DFF9C','#00A7FB','#6B6B6B','#DB916B','#66AF54','#B4B4B4','#474D92','#324535','#CBA48F','#C1FFFE','#58783B','#6C5F6A','#4D3F39','#3F611F','#3E3D78','#81B97F','#894861','#838A98','#C57300','#183257','#9BB0BD','#00A774','#CF89A0','#007300','#6E8253','#FFFF93','#8F7A7B','#00E993','#807205','#005900','#3D5DAD','#E6CCE8','#C5797E','#576448','#679092','#16C5B9','#4C4F3E','#B4B298','#B9ECCC','#400005','#BC70C5','#98907D','#8767F9','#BDD0C6','#6D808E','#918847','#75B9CC','#D6E4FF','#9C8AA8','#007D6F','#8791F6','#01D0F5','#D09EBB','#B4594A','#833E36','#A79F83','#73001F','#A3A0C9','#D0BDB2','#5E7486','#9BC3FF','#BD6295','#C393EB','#6C436F','#685200','#B2C0D8','#511431','#2DDBC4','#090733','#A26972','#97D15E','#450057','#62F2D5','#A86D00','#8AA6FB','#896B60','#CDCB9C','#675538','#91BD3C','#A74300','#6900A3','#95CB97','#435D61','#DEB590','#AB367A','#000087','#027BEE','#5746FF','#A15FBE','#BA022B','#0000B4','#007F9F','#58525D','#95579F','#D50400','#7F13BC','#825A52','#810050','#FACE9C','#DE3300','#A214A7','#A44D43','#980235','#FFC55E','#4201F8','#BFF825','#FFFFD6','#F69D68','#8C47C5','#E6DF7E','#E1556B','#FFA6C8','#FE9200','#FF72FF','#AAE557','#AA2CF6','#FA9599','#E2006C','#F26EC7','#FF7934','#D200F8','#FE4840','#F92FAA','#F5044A','#F0705E')
##############From fujita package "AnalysisHelper"
#' Make color coresspondece table

#' @description You can make color coresspondece table for ggplot2.

#' 

#' @param data matrix or dataframe containing sample x abundance

#' @param color a vector contained color information

#' @param others Not dominant color

#' @param specificName You can specify the color to specific species (like 'Unidentified')

#' @param specificColor For the specific species color

#' 

#' 

#' @examples

#' data(test)

#' col <- palettes()

#' colpal <- makeColPalette(data=test[,-1], 

#'                             color=col, 

#'                             others='grey30', 

#'                             specificName = 'unidentified', 

#'                             specificColor = 'grey90',

#'                             sort=sum)

#' 

#' @export







makeColPalette <- function (data, color = NULL, othersCol = "grey30", specificName = NULL, 

    specificColor = "grey90", sortFun = sum, na.rm = TRUE) 

{

    if (na.rm) {

        total.abundance <- apply(data, 2, sortFun, na.rm = TRUE)

    }

    else {

        total.abundance <- apply(data, 2, sortFun)

    }

    df <- data.frame(taxa = colnames(data), total.abundance = total.abundance, 

        stringsAsFactors = FALSE)

    df <- df[order(df$total.abundance, decreasing = TRUE), ]

    df$color <- NA

    if (!is.null(specificName)) {

        if (is.null(specificColor)) {

            specificColor <- "grey90"

        }

        if (any(df$taxa %in% specificName)) {

            specific <- which(df$taxa %in% specificName)

            df <- rbind(df[-specific, ], df[specific, ])

            specific <- -(length(specific) - 1):0 + nrow(df)

            df[c(1:length(color)), "color"] <- color

            df[specific, "color"] <- specificColor

            if (any(is.na(df$color))) {

                df$color[is.na(df$color)] <- othersCol

            }

            col <- df$color

            names(col) <- df$taxa

        }

        else {

            warning("Ignored specificName species because missing the species")

            df[c(1:length(color)), "color"] <- color

            if (any(is.na(df$color))) {

                df$color[is.na(df$color)] <- othersCol

            }

            col <- df$color

            names(col) <- df$taxa

        }

    }

    else {

        df[c(1:length(color)), "color"] <- color

        if (any(is.na(df$color))) {

            df$color[is.na(df$color)] <- othersCol

        }

        col <- df$color

        names(col) <- df$taxa

    }

    return(col[!is.na(names(col))])

}



################################################################################################
####
#### R script for Fujita (2019)
####
#### Functions for 01_1... R script
#### 2019.11.23Fujita
#### R 3.6.0
#### Set working directory of 'MAFF' folder -- setwd('~/Desktop/MAFF')
#### 
################################################################################################

Fillmerge <- function(gth,sep,fill,value,facet1,facet2){
  a <- 0
  sepnames <- unique(gth[,sep])
  fillnames <- unique(gth[,fill])
  if(is.na(facet1)==F){
    f1nam <- unique(gth[,facet1])
    if(is.na(facet2)==F){
      f2nam <- unique(gth[,facet2])
      mtab <- data.frame(NA,nrow=length(sepnames)*length(fillnames)*length(f1names)*length(f2names),ncol=5)
      colnames(mtab) <- c(sep,fill,value)
      for(i in 1:length(sepnames)){
        for(j in 1:length(fillnames)){
          a <- a+1
          mtab[a,c(1:2)] <-  c(sepnames[i],fillnames[j])
          mtab[a,value] <- sum(gth[which(gth[,sep]==sepnames[i] & gth[,fill]==fillnames[j]),value])
        }
      }
    }else{
      mtab <- data.frame(NA,nrow=length(sepnames)*length(fillnames)*length(f1names),ncol=4)
      colnames(mtab) <- c(sep,fill,value)
      for(i in 1:length(sepnames)){
        for(j in 1:length(fillnames)){
          a <- a+1
          mtab[a,c(1:2)] <-  c(sepnames[i],fillnames[j])
          mtab[a,value] <- sum(gth[which(gth[,sep]==sepnames[i] & gth[,fill]==fillnames[j]),value])
        }
      }
    }
  }else{
    mtab <- data.frame(NA,nrow=length(sepnames)*length(fillnames),ncol=3)
    colnames(mtab) <- c(sep,fill,value)
    for(i in 1:length(sepnames)){
      for(j in 1:length(fillnames)){
        a <- a+1
        mtab[a,c(1:2)] <-  c(sepnames[i],fillnames[j])
        mtab[a,value] <- sum(gth[which(gth[,sep]==sepnames[i] & gth[,fill]==fillnames[j]),value])
      }
    }
  }
  mtab
}


# -- Decide parameters
